825932
85877
113179
300917
41478
771068
85090
84049
768013
614421
868749
698179
648402
319560
718446
598447
597222
105615
13560
981324
10565
334582
218298
610505
709431
260558
575619
994691
800099
227080
258676
173595
616369
778308
434698
664220
494155
720646
590974
747142
426045
802145
998749
977418
236767
100097
956075
543202
3473
444370
741213
967575
555146
707972
40954
595157
746261
474382
405237
438272
897097
427053
284546
814879
67470
546686
346595
815019
253244
289969
180395
212526
574856
725766
243157
356382
517771
886944
164886
620517
871801
798934
791233
901717
450388
626338
275033
121458
208757
689468
123855
743115
999605
342422
406945
484495
646254
224963
706477
959496
523695
831652
912952
84609
698223
834067
521569
634621
739597
854056
311309
15512
699272
390912
270955
415056
991441
973320
428517
705287
633923
12292
911542
504017
929592
243169
800253
740791
446569
511754
656925
800515
946107
553894
272111
770955
538073
582899
846694
597404
996880
395572
858633
259125
575928
609905
35618
240289
278027
995847
144402
909245
874691
789816
924665
154917
336296
466873
509031
982985
681447
314060
627908
882023
735276
632698
68283
547170
302107
752998
526161
164423
788546
151142
996120
730302
178809
295608
300065
9713
381029
593761
592526
15928
161293
621126
963492
398331
362311
66790
696442
332109
23899
399031
201083
137771
450498
349486
423883
869829
168666
513557
720399
949356
899496
858448
626583
325898
605166
602884
162931
891727
280239
82779
567080
918444
220980
466653
74640
142257
656695
209973
85990
921432
386639
571104
78528
790685
697156
997232
61041
31515
104804
725901
336046
481906
987049
721062
35024
446337
713467
838374
660943
410233
143141
753797
608902
343265
178315
318897
846028
903833
227076
248500
352592
59281
332186
556952
102047
295031
687512
783175
716158
760742
443532
176309
809137
743832
516113
868256
426727
478336
839250
552155
143732
502720
9985
788136
709077
609778
629470
322473
761200
405247
534155
727954
902325
980486
80378
450587
528634
786543
621973
484399
201220
962563
63619
406468
825109
746554
859555
149077
243475
129993
972077
394948
496004
753175
535977
450605
278702
400253
761425
385871
930725
94500
918436
688798
298045
970677
809785
865369
209336
732039
31589
186457
104903
666501
988943
733366
301358
950108
514776
687226
750554
200613
842375
986893
359225
934553
645221
678892
774609
904966
289694
133345
28418
194636
822667
902252
354349
822619
16447
91746
584257
863617
193691
739866
741223
903490
50960
883544
506639
417536
261626
241756
217862
373453
222357
177242
902640
644335
434762
337689
847473
466462
467009
531080
791319
427375
804865
597908
527064
726747
889981
521101
284041
38579
126838
971127
348759
171654
128706
221837
547980
473910
800895
100570
811318
654383
221478
559800
988362
726557
278927
330978
381175
777865
955750
221395
469893
741558
47640
639530
210097
393582
788732
883934
303031
654062
83217
544940
223946
367339
239473
699398
564431
240423
70525
830310
676499
192761
134679
917414
793500
146248
517150
354219
889645
675750
804515
26579
821851
680871
759888
443705
583733
587208
634930
358768
888247
522334
585107
210195
663895
590600
112620
177649
462414
88032
751826
337298
555293
748496
289716
626998
786283
217673
912789
792744
85384
130811
752493
937312
414421
813023
658366
420481
569250
368625
729379
388486
949947
644454
788445
425842
429201
302474
303407
170239
100022
134069
427292
874530
791672
967195
215394
336936
991095
588121
922963
32217
209726
152291
55283
685673
844905
229112
330943
475246
539183
310241
151713
276069
275201
556596
801174
162043
460595
129724
421371
137164
252344
196466
266627
571412
39247
734947
95841
649268
186130
435732
70659
160684
318353
474529
911619
523748
196706
708458
631945
618056
107170
833989
854961
543795
384711
51090
533344
558986
644403
19109
821959
82994
447346
81851
459502
913030
43324
821169
40874
386784
796749
507607
287653
761014
223071
939804
650148
293736
178484
339408
374941
811815
72163
864046
732518
53194
956503
605234
895638
186300
556957
629548
565225
342801
588629
661490
3752
505755
613030
676819
204597
550199
14242
495030
581391
324671
396997
795974
449762
813941
372982
696551
926943
491493
307661
128693
413157
533756
532236
324130
928504
740542
195603
565863
948294
198242
511208
482930
414837
256073
738247
75699
103449
945660
807844
279988
877530
97659
351059
327630
513725
377698
654500
364022
800254
61373
167654
97214
726739
871092
111778
904458
503798
807 221 396 730 650 751 565 672 279 222 836 808 690 93 932 569 633 940 568 101 59 54 843 978 282 514 541 832 193 502 649 657 474 507 25 787 33 930 729 388 840 193 692 912 394 978 328 745 568 931 526 61 448 108 623 406 780 18 360 178 644 97 758 127 155 401 125 594 553 67 828 919 151 757 232 6 941 102 364 145 575 208 744 244 519 230 99 608 140 202 432 513 239 956 803 868 51 908 354 204 574 305 65 109 423 787 398 537 537 526 620 976 322 271 418 126 952 105 161 389 516 273 53 231 426 25 209 950 287 10 357 292 226 402 146 445 125 187 70 896 722 713 829 470 630 762 469 941 436 414 309 12 809 846 360 64 387 858 76 801 900 515 840 365 727 441 107 648 476 393 282 548 958 811 147 354 647 440 841 335 215 575 399 468 302 328 969 162 458 586 133 234 614 115 327 230 700 948 293 954 880 137 357 814 11 80 106 757 773 600 290 551 609 595 526 891 71 132 703 516 142 839 155 595 152 786 883 348 802 256 366 544 45 705 209 196 728 877 370 898 616 750 412 684 854 375 173 241 199 151 487 525 576 818 87 211 69
9 450 441 417 837 574 397 227 567 568 645 277 91 450 85 529 504 133 524 462 779 618 614 983 288 369 224 911 394 32 682 708 736 941 508 444 217 68 404 333 466 946 400 889 174 881 804 968 575 264 945 841 369 94 703 187 385 996 778 277 669 346 259 839 663 694 445 51 674 872 707 896 283 897 460 512 295 384 671 70 136 796 604 637 941 768 948 457 881 144 426 689 439 355 70 422 841 436 104 881 438 846 707 534 236 732 988 228 960 754 428 806 627 775 501 57 109 261 128 431 329 903 747 492 36 106 830 211 846 569 26 6 524 613 858 796 986 508 180 929 209 476 602 217 884 349 149 637 576 15 320 70 225 510 267 165 717 723 265 507 735 234 936 231 458 479 177 943 691 198 986 198 822 495 435 957 478 824 458 674 194 986 655 41 277 537 746 881 164 9 946 948 437 995 250 651 887 404 947 983 890 34 404 322 365 64 7 556 633 189 789 574 265 332 736 849 900 217 298 226 231 797 403 735 556 846 594 620 817 860 265 235 697 517 850 868 129 463 464 657 191 86 381 161 164 655 736 752 746 897 697 167 68 33 615 653 905 
9 212 36 297 59 587 762 736 692 133 106 941 153 47 46 248 552 228 264 512 620 819 314 584 968 381 323 786 247 315 203 334 720 545 640 101 109 787 609 967 411 742 48 53 695 383 770 29 900 130 427 963 494 449 251 110 305 709 988 900 876 887 959 126 870 736 103 559 959 565 352 504 48 766 630 397 156 562 336 501 379 406 509 383 249 37 841 569 926 804 577 264 607 36 908 90 90 917 665 417 194 96 143 122 489 301 529 270 971 149 49 921 112 245 531 871 890 711 492 54 505 194 135 289 981 253 400 115 775 466 582 725 737 969 49 785 863 635 46 205 934 115 929 458 818 34 364 790 199 580 866 177 526 327 844 494 602 528 334 670 427 671 950 682 365 952 885 254 970 135 378 522 343 38 755 1 165 520 347 592 443 558 253 58 781 645 974 930 341 396 926 97 951 274 812 412 904 59 43 371 575 541 135 588 31 409 772 212 186 328 768 385 761 249 568 13 366 522 732 72 804 813 237 660 980 368 747 222 826 591 998 903 736 835 46 319 254 468 989 398 991 972 472 670 162 244 45 492 918 253 39 684 319 749 560 260 901 91 946
 203 604 297 262 91 409 21 177 704 132 127 414 953 198 519 673 695 53 481 426 714 213 712 460 227 660 968 936 428 629 667 943 267 615 593 638 951 871 162 444 365 243 679 105 736 292 189 274 257 944 92 460 463 8 515 91 694 110 460 34 692 411 807 153 2 363 345 399 903 25 29 648 971 326 774 488 451 806 290 72 184 155 586 112 796 879 276 858 353 992 74 721 885 192 771 633 503 606 551 148 484 988 428 649 216 906 570 889 246 843 21 977 826 2 851 248 213 393 919 969 372 990 344 169 608 343 680 331 320 435 341 796 709 145 570 26 444 449 15 465 526 697 330 184 379 969 321 501 666 318 696 300 457 252 357 334 354 204 746 439 727 125 552 636 113 163 513 875 932 515 984 510 807 711 56 185 523 735 549 638 714 809 981 939 761 233 378 617 930 419 181 573 692 355 468 298 342 502 586 76 486 582 849 823
807 221 396 730 650 751 565 672 279 222 836 808 690 93 932 569 633 940 568 101 59 54 843 978 282 514 541 832 193 502 649 657 474 507 25 787 33 930 729 388 840 193 692 912 394 978 328 745 568 931 526 61 448 108 623 406 780 18 360 178 644 97 758 127 155 401 125 594 553 67 828 919 151 757 232 6 941 102 364 145 575 208 744 244 519 230 99 608 140 202 432 513 239 956 803 868 51 908 354 204 574 305 65 109 423 787 398 537 537 526 620 976 322 271 418 126 952 105 161 389 516 273 53 231 426 25 209 950 287 10 357 292 226 402 146 445 125 187 70 896 722 713 829 470 630 762 469 941 436 414 309 12 809 846 360 64 387 858 76 801 900 515 840 365 727 441 107 648 476 393 282 548 958 811 147 354 647 440 841 335 215 575 399 468 302 328 969 162 458 586 133 234 614 115 327 230 700 948 293 954 880 137 357 814 11 80 106 757 773 600 290 551 609 595 526 891 71 132 703 516 142 839 155 595 152 786 883 348 802 256 366 544 45 705 209 196 728 877 370 898 616 750 412 684 854 375 173 241 199 151 487 525 576 818 87 211 69
9 450 441 417 837 574 397 227 567 568 645 277 91 450 85 529 504 133 524 462 779 618 614 983 288 369 224 911 394 32 682 708 736 941 508 444 217 68 404 333 466 946 400 889 174 881 804 968 575 264 945 841 369 94 703 187 385 996 778 277 669 346 259 839 663 694 445 51 674 872 707 896 283 897 460 512 295 384 671 70 136 796 604 637 941 768 948 457 881 144 426 689 439 355 70 422 841 436 104 881 438 846 707 534 236 732 988 228 960 754 428 806 627 775 501 57 109 261 128 431 329 903 747 492 36 106 830 211 846 569 26 6 524 613 858 796 986 508 180 929 209 476 602 217 884 349 149 637 576 15 320 70 225 510 267 165 717 723 265 507 735 234 936 231 458 479 177 943 691 198 986 198 822 495 435 957 478 824 458 674 194 986 655 41 277 537 746 881 164 9 946 948 437 995 250 651 887 404 947 983 890 34 404 322 365 64 7 556 633 189 789 574 265 332 736 849 900 217 298 226 231 797 403 735 556 846 594 620 817 860 265 235 697 517 850 868 129 463 464 657 191 86 381 161 164 655 736 752 746 897 697 167 68 33 615 653 905 
9 212 36 297 59 587 762 736 692 133 106 941 153 47 46 248 552 228 264 512 620 819 314 584 968 381 323 786 247 315 203 334 720 545 640 101 109 787 609 967 411 742 48 53 695 383 770 29 900 130 427 963 494 449 251 110 305 709 988 900 876 887 959 126 870 736 103 559 959 565 352 504 48 766 630 397 156 562 336 501 379 406 509 383 249 37 841 569 926 804 577 264 607 36 908 90 90 917 665 417 194 96 143 122 489 301 529 270 971 149 49 921 112 245 531 871 890 711 492 54 505 194 135 289 981 253 400 115 775 466 582 725 737 969 49 785 863 635 46 205 934 115 929 458 818 34 364 790 199 580 866 177 526 327 844 494 602 528 334 670 427 671 950 682 365 952 885 254 970 135 378 522 343 38 755 1 165 520 347 592 443 558 253 58 781 645 974 930 341 396 926 97 951 274 812 412 904 59 43 371 575 541 135 588 31 409 772 212 186 328 768 385 761 249 568 13 366 522 732 72 804 813 237 660 980 368 747 222 826 591 998 903 736 835 46 319 254 468 989 398 991 972 472 670 162 244 45 492 918 253 39 684 319 749 560 260 901 91 946
 203 604 297 262 91 409 21 177 704 132 127 414 953 198 519 673 695 53 481 426 714 213 712 460 227 660 968 936 428 629 667 943 267 615 593 638 951 871 162 444 365 243 679 105 736 292 189 274 257 944 92 460 463 8 515 91 694 110 460 34 692 411 807 153 2 363 345 399 903 25 29 648 971 326 774 488 451 806 290 72 184 155 586 112 796 879 276 858 353 992 74 721 885 192 771 633 503 606 551 148 484 988 428 649 216 906 570 889 246 843 21 977 826 2 851 248 213 393 919 969 372 990 344 169 608 343 680 331 320 435 341 796 709 145 570 26 444 449 15 465 526 697 330 184 379 969 321 501 666 318 696 300 457 252 357 334 354 204 746 439 727 125 552 636 113 163 513 875 932 515 984 510 807 711 56 185 523 735 549 638 714 809 981 939 761 233 378 617 930 419 181 573 692 355 468 298 342 502 586 76 486 582 849 823
807 221 396 730 650 751 565 672 279 222 836 808 690 93 932 569 633 940 568 101 59 54 843 978 282 514 541 832 193 502 649 657 474 507 25 787 33 930 729 388 840 193 692 912 394 978 328 745 568 931 526 61 448 108 623 406 780 18 360 178 644 97 758 127 155 401 125 594 553 67 828 919 151 757 232 6 941 102 364 145 575 208 744 244 519 230 99 608 140 202 432 513 239 956 803 868 51 908 354 204 574 305 65 109 423 787 398 537 537 526 620 976 322 271 418 126 952 105 161 389 516 273 53 231 426 25 209 950 287 10 357 292 226 402 146 445 125 187 70 896 722 713 829 470 630 762 469 941 436 414 309 12 809 846 360 64 387 858 76 801 900 515 840 365 727 441 107 648 476 393 282 548 958 811 147 354 647 440 841 335 215 575 399 468 302 328 969 162 458 586 133 234 614 115 327 230 700 948 293 954 880 137 357 814 11 80 106 757 773 600 290 551 609 595 526 891 71 132 703 516 142 839 155 595 152 786 883 348 802 256 366 544 45 705 209 196 728 877 370 898 616 750 412 684 854 375 173 241 199 151 487 525 576 818 87 211 69
9 450 441 417 837 574 397 227 567 568 645 277 91 450 85 529 504 133 524 462 779 618 614 983 288 369 224 911 394 32 682 708 736 941 508 444 217 68 404 333 466 946 400 889 174 881 804 968 575 264 945 841 369 94 703 187 385 996 778 277 669 346 259 839 663 694 445 51 674 872 707 896 283 897 460 512 295 384 671 70 136 796 604 637 941 768 948 457 881 144 426 689 439 355 70 422 841 436 104 881 438 846 707 534 236 732 988 228 960 754 428 806 627 775 501 57 109 261 128 431 329 903 747 492 36 106 830 211 846 569 26 6 524 613 858 796 986 508 180 929 209 476 602 217 884 349 149 637 576 15 320 70 225 510 267 165 717 723 265 507 735 234 936 231 458 479 177 943 691 198 986 198 822 495 435 957 478 824 458 674 194 986 655 41 277 537 746 881 164 9 946 948 437 995 250 651 887 404 947 983 890 34 404 322 365 64 7 556 633 189 789 574 265 332 736 849 900 217 298 226 231 797 403 735 556 846 594 620 817 860 265 235 697 517 850 868 129 463 464 657 191 86 381 161 164 655 736 752 746 897 697 167 68 33 615 653 905 
9 212 36 297 59 587 762 736 692 133 106 941 153 47 46 248 552 228 264 512 620 819 314 584 968 381 323 786 247 315 203 334 720 545 640 101 109 787 609 967 411 742 48 53 695 383 770 29 900 130 427 963 494 449 251 110 305 709 988 900 876 887 959 126 870 736 103 559 959 565 352 504 48 766 630 397 156 562 336 501 379 406 509 383 249 37 841 569 926 804 577 264 607 36 908 90 90 917 665 417 194 96 143 122 489 301 529 270 971 149 49 921 112 245 531 871 890 711 492 54 505 194 135 289 981 253 400 115 775 466 582 725 737 969 49 785 863 635 46 205 934 115 929 458 818 34 364 790 199 580 866 177 526 327 844 494 602 528 334 670 427 671 950 682 365 952 885 254 970 135 378 522 343 38 755 1 165 520 347 592 443 558 253 58 781 645 974 930 341 396 926 97 951 274 812 412 904 59 43 371 575 541 135 588 31 409 772 212 186 328 768 385 761 249 568 13 366 522 732 72 804 813 237 660 980 368 747 222 826 591 998 903 736 835 46 319 254 468 989 398 991 972 472 670 162 244 45 492 918 253 39 684 319 749 560 260 901 91 946
 203 604 297 262 91 409 21 177 704 132 127 414 953 198 519 673 695 53 481 426 714 213 712 460 227 660 968 936 428 629 667 943 267 615 593 638 951 871 162 444 365 243 679 105 736 292 189 274 257 944 92 460 463 8 515 91 694 110 460 34 692 411 807 153 2 363 345 399 903 25 29 648 971 326 774 488 451 806 290 72 184 155 586 112 796 879 276 858 353 992 74 721 885 192 771 633 503 606 551 148 484 988 428 649 216 906 570 889 246 843 21 977 826 2 851 248 213 393 919 969 372 990 344 169 608 343 680 331 320 435 341 796 709 145 570 26 444 449 15 465 526 697 330 184 379 969 321 501 666 318 696 300 457 252 357 334 354 204 746 439 727 125 552 636 113 163 513 875 932 515 984 510 807 711 56 185 523 735 549 638 714 809 981 939 761 233 378 617 930 419 181 573 692 355 468 298 342 502 586 76 486 582 849 823
807 221 396 730 650 751 565 672 279 222 836 808 690 93 932 569 633 940 568 101 59 54 843 978 282 514 541 832 193 502 649 657 474 507 25 787 33 930 729 388 840 193 692 912 394 978 328 745 568 931 526 61 448 108 623 406 780 18 360 178 644 97 758 127 155 401 125 594 553 67 828 919 151 757 232 6 941 102 364 145 575 208 744 244 519 230 99 608 140 202 432 513 239 956 803 868 51 908 354 204 574 305 65 109 423 787 398 537 537 526 620 976 322 271 418 126 952 105 161 389 516 273 53 231 426 25 209 950 287 10 357 292 226 402 146 445 125 187 70 896 722 713 829 470 630 762 469 941 436 414 309 12 809 846 360 64 387 858 76 801 900 515 840 365 727 441 107 648 476 393 282 548 958 811 147 354 647 440 841 335 215 575 399 468 302 328 969 162 458 586 133 234 614 115 327 230 700 948 293 954 880 137 357 814 11 80 106 757 773 600 290 551 609 595 526 891 71 132 703 516 142 839 155 595 152 786 883 348 802 256 366 544 45 705 209 196 728 877 370 898 616 750 412 684 854 375 173 241 199 151 487 525 576 818 87 211 69
9 450 441 417 837 574 397 227 567 568 645 277 91 450 85 529 504 133 524 462 779 618 614 983 288 369 224 911 394 32 682 708 736 941 508 444 217 68 404 333 466 946 400 889 174 881 804 968 575 264 945 841 369 94 703 187 385 996 778 277 669 346 259 839 663 694 445 51 674 872 707 896 283 897 460 512 295 384 671 70 136 796 604 637 941 768 948 457 881 144 426 689 439 355 70 422 841 436 104 881 438 846 707 534 236 732 988 228 960 754 428 806 627 775 501 57 109 261 128 431 329 903 747 492 36 106 830 211 846 569 26 6 524 613 858 796 986 508 180 929 209 476 602 217 884 349 149 637 576 15 320 70 225 510 267 165 717 723 265 507 735 234 936 231 458 479 177 943 691 198 986 198 822 495 435 957 478 824 458 674 194 986 655 41 277 537 746 881 164 9 946 948 437 995 250 651 887 404 947 983 890 34 404 322 365 64 7 556 633 189 789 574 265 332 736 849 900 217 298 226 231 797 403 735 556 846 594 620 817 860 265 235 697 517 850 868 129 463 464 657 191 86 381 161 164 655 736 752 746 897 697 167 68 33 615 653 905 
9 212 36 297 59 587 762 736 692 133 106 941 153 47 46 248 552 228 264 512 620 819 314 584 968 381 323 786 247 315 203 334 720 545 640 101 109 787 609 967 411 742 48 53 695 383 770 29 900 130 427 963 494 449 251 110 305 709 988 900 876 887 959 126 870 736 103 559 959 565 352 504 48 766 630 397 156 562 336 501 379 406 509 383 249 37 841 569 926 804 577 264 607 36 908 90 90 917 665 417 194 96 143 122 489 301 529 270 971 149 49 921 112 245 531 871 890 711 492 54 505 194 135 289 981 253 400 115 775 466 582 725 737 969 49 785 863 635 46 205 934 115 929 458 818 34 364 790 199 580 866 177 526 327 844 494 602 528 334 670 427 671 950 682 365 952 885 254 970 135 378 522 343 38 755 1 165 520 347 592 443 558 253 58 781 645 974 930 341 396 926 97 951 274 812 412 904 59 43 371 575 541 135 588 31 409 772 212 186 328 768 385 761 249 568 13 366 522 732 72 804 813 237 660 980 368 747 222 826 591 998 903 736 835 46 319 254 468 989 398 991 972 472 670 162 244 45 492 918 253 39 684 319 749 560 260 901 91 946
 203 604 297 262 91 409 21 177 704 132 127 414 953 198 519 673 695 53 481 426 714 213 712 460 227 660 968 936 428 629 667 943 267 615 593 638 951 871 162 444 365 243 679 105 736 292 189 274 257 944 92 460 463 8 515 91 694 110 460 34 692 411 807 153 2 363 345 399 903 25 29 648 971 326 774 488 451 806 290 72 184 155 586 112 796 879 276 858 353 992 74 721 885 192 771 633 503 606 551 148 484 988 428 649 216 906 570 889 246 843 21 977 826 2 851 248 213 393 919 969 372 990 344 169 608 343 680 331 320 435 341 796 709 145 570 26 444 449 15 465 526 697 330 184 379 969 321 501 666 318 696 300 457 252 357 334 354 204 746 439 727 125 552 636 113 163 513 875 932 515 984 510 807 711 56 185 523 735 549 638 714 809 981 939 761 233 378 617 930 419 181 573 692 355 468 298 342 502 586 76 486 582 849 823
807 221 396 730 650 751 565 672 279 222 836 808 690 93 932 569 633 940 568 101 59 54 843 978 282 514 541 832 193 502 649 657 474 507 25 787 33 930 729 388 840 193 692 912 394 978 328 745 568 931 526 61 448 108 623 406 780 18 360 178 644 97 758 127 155 401 125 594 553 67 828 919 151 757 232 6 941 102 364 145 575 208 744 244 519 230 99 608 140 202 432 513 239 956 803 868 51 908 354 204 574 305 65 109 423 787 398 537 537 526 620 976 322 271 418 126 952 105 161 389 516 273 53 231 426 25 209 950 287 10 357 292 226 402 146 445 125 187 70 896 722 713 829 470 630 762 469 941 436 414 309 12 809 846 360 64 387 858 76 801 900 515 840 365 727 441 107 648 476 393 282 548 958 811 147 354 647 440 841 335 215 575 399 468 302 328 969 162 458 586 133 234 614 115 327 230 700 948 293 954 880 137 357 814 11 80 106 757 773 600 290 551 609 595 526 891 71 132 703 516 142 839 155 595 152 786 883 348 802 256 366 544 45 705 209 196 728 877 370 898 616 750 412 684 854 375 173 241 199 151 487 525 576 818 87 211 69
9 450 441 417 837 574 397 227 567 568 645 277 91 450 85 529 504 133 524 462 779 618 614 983 288 369 224 911 394 32 682 708 736 941 508 444 217 68 404 333 466 946 400 889 174 881 804 968 575 264 945 841 369 94 703 187 385 996 778 277 669 346 259 839 663 694 445 51 674 872 707 896 283 897 460 512 295 384 671 70 136 796 604 637 941 768 948 457 881 144 426 689 439 355 70 422 841 436 104 881 438 846 707 534 236 732 988 228 960 754 428 806 627 775 501 57 109 261 128 431 329 903 747 492 36 106 830 211 846 569 26 6 524 613 858 796 986 508 180 929 209 476 602 217 884 349 149 637 576 15 320 70 225 510 267 165 717 723 265 507 735 234 936 231 458 479 177 943 691 198 986 198 822 495 435 957 478 824 458 674 194 986 655 41 277 537 746 881 164 9 946 948 437 995 250 651 887 404 947 983 890 34 404 322 365 64 7 556 633 189 789 574 265 332 736 849 900 217 298 226 231 797 403 735 556 846 594 620 817 860 265 235 697 517 850 868 129 463 464 657 191 86 381 161 164 655 736 752 746 897 697 167 68 33 615 653 905 
9 212 36 297 59 587 762 736 692 133 106 941 153 47 46 248 552 228 264 512 620 819 314 584 968 381 323 786 247 315 203 334 720 545 640 101 109 787 609 967 411 742 48 53 695 383 770 29 900 130 427 963 494 449 251 110 305 709 988 900 876 887 959 126 870 736 103 559 959 565 352 504 48 766 630 397 156 562 336 501 379 406 509 383 249 37 841 569 926 804 577 264 607 36 908 90 90 917 665 417 194 96 143 122 489 301 529 270 971 149 49 921 112 245 531 871 890 711 492 54 505 194 135 289 981 253 400 115 775 466 582 725 737 969 49 785 863 635 46 205 934 115 929 458 818 34 364 790 199 580 866 177 526 327 844 494 602 528 334 670 427 671 950 682 365 952 885 254 970 135 378 522 343 38 755 1 165 520 347 592 443 558 253 58 781 645 974 930 341 396 926 97 951 274 812 412 904 59 43 371 575 541 135 588 31 409 772 212 186 328 768 385 761 249 568 13 366 522 732 72 804 813 237 660 980 368 747 222 826 591 998 903 736 835 46 319 254 468 989 398 991 972 472 670 162 244 45 492 918 253 39 684 319 749 560 260 901 91 946
 203 604 297 262 91 409 21 177 704 132 127 414 953 198 519 673 695 53 481 426 714 213 712 460 227 660 968 936 428 629 667 943 267 615 593 638 951 871 162 444 365 243 679 105 736 292 189 274 257 944 92 460 463 8 515 91 694 110 460 34 692 411 807 153 2 363 345 399 903 25 29 648 971 326 774 488 451 806 290 72 184 155 586 112 796 879 276 858 353 992 74 721 885 192 771 633 503 606 551 148 484 988 428 649 216 906 570 889 246 843 21 977 826 2 851 248 213 393 919 969 372 990 344 169 608 343 680 331 320 435 341 796 709 145 570 26 444 449 15 465 526 697 330 184 379 969 321 501 666 318 696 300 457 252 357 334 354 204 746 439 727 125 552 636 113 163 513 875 932 515 984 510 807 711 56 185 523 735 549 638 714 809 981 939 761 233 378 617 930 419 181 573 692 355 468 298 342 502 586 76 486 582 849 823
807 221 396 730 650 751 565 672 279 222 836 808 690 93 932 569 633 940 568 101 59 54 843 978 282 514 541 832 193 502 649 657 474 507 25 787 33 930 729 388 840 193 692 912 394 978 328 745 568 931 526 61 448 108 623 406 780 18 360 178 644 97 758 127 155 401 125 594 553 67 828 919 151 757 232 6 941 102 364 145 575 208 744 244 519 230 99 608 140 202 432 513 239 956 803 868 51 908 354 204 574 305 65 109 423 787 398 537 537 526 620 976 322 271 418 126 952 105 161 389 516 273 53 231 426 25 209 950 287 10 357 292 226 402 146 445 125 187 70 896 722 713 829 470 630 762 469 941 436 414 309 12 809 846 360 64 387 858 76 801 900 515 840 365 727 441 107 648 476 393 282 548 958 811 147 354 647 440 841 335 215 575 399 468 302 328 969 162 458 586 133 234 614 115 327 230 700 948 293 954 880 137 357 814 11 80 106 757 773 600 290 551 609 595 526 891 71 132 703 516 142 839 155 595 152 786 883 348 802 256 366 544 45 705 209 196 728 877 370 898 616 750 412 684 854 375 173 241 199 151 487 525 576 818 87 211 69
9 450 441 417 837 574 397 227 567 568 645 277 91 450 85 529 504 133 524 462 779 618 614 983 288 369 224 911 394 32 682 708 736 941 508 444 217 68 404 333 466 946 400 889 174 881 804 968 575 264 945 841 369 94 703 187 385 996 778 277 669 346 259 839 663 694 445 51 674 872 707 896 283 897 460 512 295 384 671 70 136 796 604 637 941 768 948 457 881 144 426 689 439 355 70 422 841 436 104 881 438 846 707 534 236 732 988 228 960 754 428 806 627 775 501 57 109 261 128 431 329 903 747 492 36 106 830 211 846 569 26 6 524 613 858 796 986 508 180 929 209 476 602 217 884 349 149 637 576 15 320 70 225 510 267 165 717 723 265 507 735 234 936 231 458 479 177 943 691 198 986 198 822 495 435 957 478 824 458 674 194 986 655 41 277 537 746 881 164 9 946 948 437 995 250 651 887 404 947 983 890 34 404 322 365 64 7 556 633 189 789 574 265 332 736 849 900 217 298 226 231 797 403 735 556 846 594 620 817 860 265 235 697 517 850 868 129 463 464 657 191 86 381 161 164 655 736 752 746 897 697 167 68 33 615 653 905 
9 212 36 297 59 587 762 736 692 133 106 941 153 47 46 248 552 228 264 512 620 819 314 584 968 381 323 786 247 315 203 334 720 545 640 101 109 787 609 967 411 742 48 53 695 383 770 29 900 130 427 963 494 449 251 110 305 709 988 900 876 887 959 126 870 736 103 559 959 565 352 504 48 766 630 397 156 562 336 501 379 406 509 383 249 37 841 569 926 804 577 264 607 36 908 90 90 917 665 417 194 96 143 122 489 301 529 270 971 149 49 921 112 245 531 871 890 711 492 54 505 194 135 289 981 253 400 115 775 466 582 725 737 969 49 785 863 635 46 205 934 115 929 458 818 34 364 790 199 580 866 177 526 327 844 494 602 528 334 670 427 671 950 682 365 952 885 254 970 135 378 522 343 38 755 1 165 520 347 592 443 558 253 58 781 645 974 930 341 396 926 97 951 274 812 412 904 59 43 371 575 541 135 588 31 409 772 212 186 328 768 385 761 249 568 13 366 522 732 72 804 813 237 660 980 368 747 222 826 591 998 903 736 835 46 319 254 468 989 398 991 972 472 670 162 244 45 492 918 253 39 684 319 749 560 260 901 91 946
 203 604 297 262 91 409 21 177 704 132 127 414 953 198 519 673 695 53 481 426 714 213 712 460 227 660 968 936 428 629 667 943 267 615 593 638 951 871 162 444 365 243 679 105 736 292 189 274 257 944 92 460 463 8 515 91 694 110 460 34 692 411 807 153 2 363 345 399 903 25 29 648 971 326 774 488 451 806 290 72 184 155 586 112 796 879 276 858 353 992 74 721 885 192 771 633 503 606 551 148 484 988 428 649 216 906 570 889 246 843 21 977 826 2 851 248 213 393 919 969 372 990 344 169 608 343 680 331 320 435 341 796 709 145 570 26 444 449 15 465 526 697 330 184 379 969 321 501 666 318 696 300 457 252 357 334 354 204 746 439 727 125 552 636 113 163 513 875 932 515 984 510 807 711 56 185 523 735 549 638 714 809 981 939 761 233 378 617 930 419 181 573 692 355 468 298 342 502 586 76 486 582 849 823
807 221 396 730 650 751 565 672 279 222 836 808 690 93 932 569 633 940 568 101 59 54 843 978 282 514 541 832 193 502 649 657 474 507 25 787 33 930 729 388 840 193 692 912 394 978 328 745 568 931 526 61 448 108 623 406 780 18 360 178 644 97 758 127 155 401 125 594 553 67 828 919 151 757 232 6 941 102 364 145 575 208 744 244 519 230 99 608 140 202 432 513 239 956 803 868 51 908 354 204 574 305 65 109 423 787 398 537 537 526 620 976 322 271 418 126 952 105 161 389 516 273 53 231 426 25 209 950 287 10 357 292 226 402 146 445 125 187 70 896 722 713 829 470 630 762 469 941 436 414 309 12 809 846 360 64 387 858 76 801 900 515 840 365 727 441 107 648 476 393 282 548 958 811 147 354 647 440 841 335 215 575 399 468 302 328 969 162 458 586 133 234 614 115 327 230 700 948 293 954 880 137 357 814 11 80 106 757 773 600 290 551 609 595 526 891 71 132 703 516 142 839 155 595 152 786 883 348 802 256 366 544 45 705 209 196 728 877 370 898 616 750 412 684 854 375 173 241 199 151 487 525 576 818 87 211 69
9 450 441 417 837 574 397 227 567 568 645 277 91 450 85 529 504 133 524 462 779 618 614 983 288 369 224 911 394 32 682 708 736 941 508 444 217 68 404 333 466 946 400 889 174 881 804 968 575 264 945 841 369 94 703 187 385 996 778 277 669 346 259 839 663 694 445 51 674 872 707 896 283 897 460 512 295 384 671 70 136 796 604 637 941 768 948 457 881 144 426 689 439 355 70 422 841 436 104 881 438 846 707 534 236 732 988 228 960 754 428 806 627 775 501 57 109 261 128 431 329 903 747 492 36 106 830 211 846 569 26 6 524 613 858 796 986 508 180 929 209 476 602 217 884 349 149 637 576 15 320 70 225 510 267 165 717 723 265 507 735 234 936 231 458 479 177 943 691 198 986 198 822 495 435 957 478 824 458 674 194 986 655 41 277 537 746 881 164 9 946 948 437 995 250 651 887 404 947 983 890 34 404 322 365 64 7 556 633 189 789 574 265 332 736 849 900 217 298 226 231 797 403 735 556 846 594 620 817 860 265 235 697 517 850 868 129 463 464 657 191 86 381 161 164 655 736 752 746 897 697 167 68 33 615 653 905 
9 212 36 297 59 587 762 736 692 133 106 941 153 47 46 248 552 228 264 512 620 819 314 584 968 381 323 786 247 315 203 334 720 545 640 101 109 787 609 967 411 742 48 53 695 383 770 29 900 130 427 963 494 449 251 110 305 709 988 900 876 887 959 126 870 736 103 559 959 565 352 504 48 766 630 397 156 562 336 501 379 406 509 383 249 37 841 569 926 804 577 264 607 36 908 90 90 917 665 417 194 96 143 122 489 301 529 270 971 149 49 921 112 245 531 871 890 711 492 54 505 194 135 289 981 253 400 115 775 466 582 725 737 969 49 785 863 635 46 205 934 115 929 458 818 34 364 790 199 580 866 177 526 327 844 494 602 528 334 670 427 671 950 682 365 952 885 254 970 135 378 522 343 38 755 1 165 520 347 592 443 558 253 58 781 645 974 930 341 396 926 97 951 274 812 412 904 59 43 371 575 541 135 588 31 409 772 212 186 328 768 385 761 249 568 13 366 522 732 72 804 813 237 660 980 368 747 222 826 591 998 903 736 835 46 319 254 468 989 398 991 972 472 670 162 244 45 492 918 253 39 684 319 749 560 260 901 91 946

